2 35 0.684581 0.395733 0.409898 4 3 1 223 0.309634 0.485427 0.659952 3 4 0.593696 0.492607 0.764373 0.619781 0.39637 0.40619 0.348119 0.653487 0.0697039
3 50 0.899412 0.191927 0.345698 9 9 6 149 0.395559 0.890763 0.639023 7 7 0.160209 0.224743 0.662708 0.474309 0.297153 0.556265 0.103322 0.208593 0.201824
7 183 0.0733016 0.0463084 0.204848 7 9 2 260 0.193308 0.420903 0.474352 7 7 0.00821095 0.869487 0.860539 0.87881 0.612303 0.501248 0.476994 0.641572 0.201824
4 130 0.851057 0.468424 0.888513 7 9 5 37 0.367894 0.850363 0.369318 4 9 0.403909 0.933099 0.782604 0.336469 0.266311 0.488935 0.781765 0.925529 0.201824
3 110 0.38539 0.30683 0.645651 3 3 5 96 0.633232 0.354356 0.844674 7 3 0.337652 0.345402 0.537909 0.0130048 0.121515 0.874724 0.513276 0.685088 0.0583792
7 184 0.596076 0.50862 0.695445 4 9 2 37 0.56267 0.373766 0.251268 7 4 0.940289 0.319391 0.470446 0.184405 0.102363 0.0317514 0.874735 0.246117 0.201824
1 290 0.242186 0.00208796 0.665642 4 9 7 180 0.247017 0.349479 0.872611 4 4 0.147378 0.638223 0.687424 0.298536 0.667433 0.728077 0.403957 0.837684 0.201824
4 99 0.68289 0.678069 0.822587 9 9 4 208 0.710777 0.00883008 0.350211 7 9 0.79249 0.700238 0.673792 0.0553877 0.0692498 0.650557 0.472696 0.221534 0.201824
3 100 0.353936 0.309808 0.83954 4 3 4 103 0.575395 0.345648 0.750188 3 3 0.403466 0.503359 0.570374 0.199524 0.305925 0.444918 0.222959 0.68764 0.0597205
2 190 0.20616 0.611115 0.357154 3 4 4 172 0.411241 0.573191 0.728678 7 4 0.379545 0.665896 0.574503 0.875084 0.568138 0.363493 0.622731 0.868291 0.081296
1 240 0.629896 0.644692 0.285903 7 3 6 269 0.357747 0.387916 0.843925 9 4 0.230531 0.622581 0.611511 0.398438 0.408849 0.499785 0.310005 0.606843 0.201281
2 212 0.656975 0.641986 0.308542 7 3 4 223 0.335086 0.395132 0.733012 9 4 0.453126 0.578741 0.694527 0.524309 0.404854 0.438397 0.346565 0.652665 0.00450229
4 153 0.249321 0.797781 0.232361 7 4 7 237 0.880405 0.358381 0.865954 7 7 0.524654 0.493281 0.618877 0.862884 0.4562 0.294836 0.564836 0.856666 0.0711433
4 105 0.478216 0.772964 0.24121 7 4 6 230 0.824942 0.380044 0.851922 7 4 0.543163 0.49309 0.746938 0.845777 0.430878 0.376875 0.548965 0.710438 0.154296
4 177 0.196258 0.798287 0.21269 7 4 7 237 0.858706 0.294197 0.860279 7 7 0.528311 0.493292 0.630883 0.899771 0.46614 0.265062 0.560776 0.840239 0.0682492
4 176 0.230256 0.795957 0.341382 7 4 6 227 0.321994 0.330565 0.713287 7 9 0.514314 0.615698 0.750427 0.851592 0.467746 0.275575 0.422261 0.718165 0.14333
4 110 0.329889 0.6582 0.622926 3 3 7 111 0.865511 0.302576 0.844851 7 3 0.498007 0.413163 0.588047 0.254336 0.125577 0.730781 0.522523 0.728337 0
6 177 0.194792 0.80062 0.188569 7 4 7 237 0.869092 0.283506 0.861344 7 7 0.515927 0.493298 0.606063 0.903178 0.468876 0.24931 0.566805 0.85468 0.150491
4 110 0.37743 0.343991 0.641509 3 3 7 101 0.845937 0.319632 0.844707 7 3 0.372919 0.376657 0.586746 0.20729 0.121914 0.814553 0.519644 0.687921 0.15717
2 114 0.354397 0.482487 0.555578 7 3 4 152 0.463858 0.353414 0.749015 3 3 0.404063 0.512623 0.637634 0.398132 0.322355 0.444656 0.266203 0.681289 0.00723321
